python main.py --dataset=DATASET_NAME --input_height=160 --output_height=160 --input_fname_pattern="*.png" --train

0 2.8003695
4 1.3486573
8 0.97970396
12 1.1629559
16 1.120769
20 0.8541
24 0.6814142
28 0.68585527
32 0.7345153
36 0.70518476
40 0.603117
44 0.52939326
48 0.5127966
52 0.54040045
56 0.55294687
60 0.5342991
64 0.48217583
68 0.44421226
72 0.43979573
76 0.44671303
80 0.460278
84 0.4560981
88 0.43327713設定例３　デフォルトルートをPPPoE１インタフェースとする場合

92 0.41394043
96 0.4023584

0.0 2.6291113
1.0 1.310153
2.0 0.97744524
3.0 1.1664418
4.0 1.0744576
5.0 0.82686836
6.0 0.6581821
7.0 0.6622701
8.0 0.72355574
9.0 0.69105226
10.0 0.5992881
11.0 0.52866393
12.0 0.50475824
13.0 0.5244105
14.0 0.5381494
15.0 0.5216138
16.0 0.472073
17.0 0.44340256
18.0 0.43609473
19.0 0.4319754
20.0 0.44388595
21.0 0.45347345
22.0 0.43503815
23.0 0.4200774
24.0 0.40538967
